  i          x            density        pressure        velocity

   1   0.0000000E+00   1.0000000E+00   1.0000000E+00   0.0000000E+00
   2   2.5062656E-03   1.0000000E+00   1.0000000E+00   0.0000000E+00
   3   5.0125313E-03   1.0000000E+00   1.0000000E+00   0.0000000E+00
   4   7.5187972E-03   1.0000000E+00   1.0000000E+00   0.0000000E+00
   5   1.0025063E-02   1.0000000E+00   1.0000000E+00   0.0000000E+00
   6   1.2531328E-02   1.0000000E+00   1.0000000E+00   0.0000000E+00
   7   1.5037594E-02   1.0000000E+00   1.0000000E+00   0.0000000E+00
   8   1.7543860E-02   1.0000000E+00   1.0000000E+00   0.0000000E+00
   9   2.0050125E-02   1.0000000E+00   1.0000000E+00   0.0000000E+00
  10   2.2556391E-02   1.0000000E+00   1.0000000E+00   0.0000000E+00
  11   2.5062656E-02   1.0000000E+00   1.0000000E+00   0.0000000E+00
  12   2.7568921E-02   1.0000000E+00   1.0000000E+00   0.0000000E+00
  13   3.0075189E-02   1.0000000E+00   1.0000000E+00   0.0000000E+00
  14   3.2581452E-02   1.0000000E+00   1.0000000E+00   0.0000000E+00
  15   3.5087720E-02   1.0000000E+00   1.0000000E+00   0.0000000E+00
  16   3.7593983E-02   1.0000000E+00   1.0000000E+00   0.0000000E+00
  17   4.0100250E-02   1.0000000E+00   1.0000000E+00   0.0000000E+00
  18   4.2606518E-02   1.0000000E+00   1.0000000E+00   0.0000000E+00
  19   4.5112781E-02   1.0000000E+00   1.0000000E+00   0.0000000E+00
  20   4.7619049E-02   1.0000000E+00   1.0000000E+00   0.0000000E+00
  21   5.0125312E-02   1.0000000E+00   1.0000000E+00   0.0000000E+00
  22   5.2631579E-02   1.0000000E+00   1.0000000E+00   0.0000000E+00
  23   5.5137843E-02   1.0000000E+00   1.0000000E+00   0.0000000E+00
  24   5.7644110E-02   1.0000000E+00   1.0000000E+00   0.0000000E+00
  25   6.0150377E-02   1.0000000E+00   1.0000000E+00   0.0000000E+00
  26   6.2656641E-02   1.0000000E+00   1.0000000E+00   0.0000000E+00
  27   6.5162905E-02   1.0000000E+00   1.0000000E+00   0.0000000E+00
  28   6.7669176E-02   1.0000000E+00   1.0000000E+00   0.0000000E+00
  29   7.0175439E-02   1.0000000E+00   1.0000000E+00   0.0000000E+00
  30   7.2681703E-02   1.0000000E+00   1.0000000E+00   0.0000000E+00
  31   7.5187966E-02   1.0000000E+00   1.0000000E+00   0.0000000E+00
  32   7.7694237E-02   1.0000000E+00   1.0000000E+00   0.0000000E+00
  33   8.0200501E-02   1.0000000E+00   1.0000000E+00   0.0000000E+00
  34   8.2706764E-02   1.0000000E+00   1.0000000E+00   0.0000000E+00
  35   8.5213035E-02   1.0000000E+00   1.0000000E+00   0.0000000E+00
  36   8.7719299E-02   1.0000000E+00   1.0000000E+00   0.0000000E+00
  37   9.0225562E-02   1.0000000E+00   1.0000000E+00   0.0000000E+00
  38   9.2731826E-02   1.0000000E+00   1.0000000E+00   0.0000000E+00
  39   9.5238097E-02   1.0000000E+00   1.0000000E+00   0.0000000E+00
  40   9.7744361E-02   1.0000000E+00   1.0000000E+00   0.0000000E+00
  41   1.0025062E-01   1.0000000E+00   1.0000000E+00   0.0000000E+00
  42   1.0275690E-01   1.0000000E+00   1.0000000E+00   0.0000000E+00
  43   1.0526316E-01   1.0000000E+00   1.0000000E+00   0.0000000E+00
  44   1.0776942E-01   1.0000000E+00   1.0000000E+00   0.0000000E+00
  45   1.1027569E-01   1.0000000E+00   1.0000000E+00   0.0000000E+00
  46   1.1278196E-01   1.0000000E+00   1.0000000E+00   0.0000000E+00
  47   1.1528822E-01   1.0000000E+00   1.0000000E+00   0.0000000E+00
  48   1.1779448E-01   1.0000000E+00   1.0000000E+00   0.0000000E+00
  49   1.2030075E-01   1.0000000E+00   1.0000000E+00   0.0000000E+00
  50   1.2280702E-01   1.0000000E+00   1.0000000E+00   0.0000000E+00
  51   1.2531328E-01   1.0000000E+00   1.0000000E+00   0.0000000E+00
  52   1.2781955E-01   1.0000000E+00   1.0000000E+00   0.0000000E+00
  53   1.3032581E-01   1.0000000E+00   1.0000000E+00   0.0000000E+00
  54   1.3283208E-01   1.0000000E+00   1.0000000E+00   0.0000000E+00
  55   1.3533835E-01   1.0000000E+00   1.0000000E+00   0.0000000E+00
  56   1.3784461E-01   1.0000000E+00   1.0000000E+00   0.0000000E+00
  57   1.4035088E-01   1.0000000E+00   1.0000000E+00   0.0000000E+00
  58   1.4285715E-01   1.0000000E+00   1.0000000E+00   0.0000000E+00
  59   1.4536341E-01   1.0000000E+00   1.0000000E+00   0.0000000E+00
  60   1.4786968E-01   1.0000000E+00   1.0000000E+00   0.0000000E+00
  61   1.5037593E-01   1.0000000E+00   1.0000000E+00   0.0000000E+00
  62   1.5288220E-01   1.0000000E+00   1.0000000E+00   0.0000000E+00
  63   1.5538847E-01   1.0000000E+00   1.0000000E+00   0.0000000E+00
  64   1.5789473E-01   1.0000000E+00   1.0000000E+00   0.0000000E+00
  65   1.6040100E-01   1.0000000E+00   1.0000000E+00   0.0000000E+00
  66   1.6290727E-01   1.0000000E+00   1.0000000E+00   0.0000000E+00
  67   1.6541353E-01   1.0000000E+00   1.0000000E+00   0.0000000E+00
  68   1.6791980E-01   1.0000000E+00   1.0000000E+00   0.0000000E+00
  69   1.7042607E-01   1.0000000E+00   1.0000000E+00   0.0000000E+00
  70   1.7293233E-01   1.0000000E+00   1.0000000E+00   0.0000000E+00
  71   1.7543860E-01   1.0000000E+00   1.0000000E+00   0.0000000E+00
  72   1.7794485E-01   1.0000000E+00   1.0000000E+00   0.0000000E+00
  73   1.8045112E-01   1.0000000E+00   1.0000000E+00   0.0000000E+00
  74   1.8295740E-01   1.0000000E+00   1.0000000E+00   0.0000000E+00
  75   1.8546365E-01   1.0000000E+00   1.0000000E+00   0.0000000E+00
  76   1.8796992E-01   1.0000000E+00   1.0000000E+00   0.0000000E+00
  77   1.9047619E-01   1.0000000E+00   1.0000000E+00   0.0000000E+00
  78   1.9298245E-01   1.0000000E+00   1.0000000E+00   0.0000000E+00
  79   1.9548872E-01   1.0000000E+00   1.0000000E+00   0.0000000E+00
  80   1.9799499E-01   1.0000000E+00   1.0000000E+00   0.0000000E+00
  81   2.0050125E-01   1.0000000E+00   1.0000000E+00   0.0000000E+00
  82   2.0300752E-01   1.0000000E+00   1.0000000E+00   0.0000000E+00
  83   2.0551379E-01   1.0000000E+00   1.0000000E+00   0.0000000E+00
  84   2.0802005E-01   1.0000000E+00   1.0000000E+00   0.0000000E+00
  85   2.1052632E-01   1.0000000E+00   1.0000000E+00   0.0000000E+00
  86   2.1303257E-01   1.0000000E+00   1.0000000E+00   0.0000000E+00
  87   2.1553884E-01   1.0000000E+00   1.0000000E+00   0.0000000E+00
  88   2.1804512E-01   1.0000000E+00   1.0000000E+00   0.0000000E+00
  89   2.2055137E-01   1.0000000E+00   1.0000000E+00   0.0000000E+00
  90   2.2305764E-01   1.0000000E+00   1.0000000E+00   0.0000000E+00
  91   2.2556391E-01   1.0000000E+00   1.0000000E+00   0.0000000E+00
  92   2.2807017E-01   1.0000000E+00   1.0000000E+00   0.0000000E+00
  93   2.3057644E-01   1.0000000E+00   1.0000000E+00   0.0000000E+00
  94   2.3308271E-01   1.0000000E+00   1.0000000E+00   0.0000000E+00
  95   2.3558897E-01   1.0000000E+00   1.0000000E+00   0.0000000E+00
  96   2.3809524E-01   1.0000000E+00   1.0000000E+00   0.0000000E+00
  97   2.4060151E-01   1.0000000E+00   1.0000000E+00   0.0000000E+00
  98   2.4310777E-01   1.0000000E+00   1.0000000E+00   0.0000000E+00
  99   2.4561404E-01   1.0000000E+00   1.0000000E+00   0.0000000E+00
 100   2.4812029E-01   1.0000000E+00   1.0000000E+00   0.0000000E+00
 101   2.5062656E-01   1.0000000E+00   1.0000000E+00   0.0000000E+00
 102   2.5313282E-01   1.0000000E+00   1.0000000E+00   0.0000000E+00
 103   2.5563911E-01   1.0000000E+00   1.0000000E+00   0.0000000E+00
 104   2.5814536E-01   1.0000000E+00   1.0000000E+00   0.0000000E+00
 105   2.6065162E-01   1.0000000E+00   1.0000000E+00   0.0000000E+00
 106   2.6315790E-01   1.0000000E+00   1.0000000E+00   0.0000000E+00
 107   2.6566416E-01   9.9190104E-01   9.8867989E-01   9.6140299E-03
 108   2.6817042E-01   9.8316360E-01   9.7650868E-01   2.0056764E-02
 109   2.7067670E-01   9.7448748E-01   9.6446568E-01   3.0499596E-02
 110   2.7318296E-01   9.6587306E-01   9.5255065E-01   4.0942330E-02
 111   2.7568921E-01   9.5731962E-01   9.4076198E-01   5.1385064E-02
 112   2.7819550E-01   9.4882667E-01   9.2909819E-01   6.1827898E-02
 113   2.8070176E-01   9.4039434E-01   9.1755897E-01   7.2270632E-02
 114   2.8320801E-01   9.3202204E-01   9.0614283E-01   8.2713366E-02
 115   2.8571430E-01   9.2370921E-01   8.9484829E-01   9.3156196E-02
 116   2.8822055E-01   9.1545612E-01   8.8367498E-01   1.0359893E-01
 117   2.9072681E-01   9.0726209E-01   8.7262148E-01   1.1404166E-01
 118   2.9323307E-01   8.9912689E-01   8.6168665E-01   1.2448440E-01
 119   2.9573935E-01   8.9104980E-01   8.5086918E-01   1.3492733E-01
 120   2.9824561E-01   8.8303119E-01   8.4016865E-01   1.4537007E-01
 121   3.0075186E-01   8.7507039E-01   8.2958370E-01   1.5581274E-01
 122   3.0325815E-01   8.6716688E-01   8.1911290E-01   1.6625562E-01
 123   3.0576441E-01   8.5932082E-01   8.0875593E-01   1.7669836E-01
 124   3.0827066E-01   8.5153162E-01   7.9851139E-01   1.8714109E-01
 125   3.1077695E-01   8.4379882E-01   7.8837794E-01   1.9758393E-01
 126   3.1328321E-01   8.3612251E-01   7.7835530E-01   2.0802666E-01
 127   3.1578946E-01   8.2850218E-01   7.6844203E-01   2.1846940E-01
 128   3.1829575E-01   8.2093722E-01   7.5863683E-01   2.2891228E-01
 129   3.2080200E-01   8.1342793E-01   7.4893945E-01   2.3935501E-01
 130   3.2330826E-01   8.0597365E-01   7.3934847E-01   2.4979775E-01
 131   3.2581455E-01   7.9857391E-01   7.2986269E-01   2.6024058E-01
 132   3.2832080E-01   7.9122883E-01   7.2048169E-01   2.7068332E-01
 133   3.3082706E-01   7.8393793E-01   7.1120423E-01   2.8112605E-01
 134   3.3333334E-01   7.7670062E-01   7.0202905E-01   2.9156893E-01
 135   3.3583960E-01   7.6951706E-01   6.9295585E-01   3.0201167E-01
 136   3.3834586E-01   7.6238680E-01   6.8398333E-01   3.1245440E-01
 137   3.4085214E-01   7.5530922E-01   6.7511028E-01   3.2289723E-01
 138   3.4335840E-01   7.4828458E-01   6.6633636E-01   3.3333996E-01
 139   3.4586465E-01   7.4131227E-01   6.5766037E-01   3.4378269E-01
 140   3.4837094E-01   7.3439181E-01   6.4908111E-01   3.5422558E-01
 141   3.5087720E-01   7.2752339E-01   6.4059824E-01   3.6466831E-01
 142   3.5338345E-01   7.2070640E-01   6.3221055E-01   3.7511104E-01
 143   3.5588971E-01   7.1394062E-01   6.2391722E-01   3.8555378E-01
 144   3.5839599E-01   7.0722556E-01   6.1571699E-01   3.9599660E-01
 145   3.6090225E-01   7.0056134E-01   6.0760957E-01   4.0643933E-01
 146   3.6340851E-01   6.9394743E-01   5.9959388E-01   4.1688207E-01
 147   3.6591479E-01   6.8738335E-01   5.9166873E-01   4.2732495E-01
 148   3.6842105E-01   6.8086922E-01   5.8383375E-01   4.3776768E-01
 149   3.7092730E-01   6.7440462E-01   5.7608795E-01   4.4821042E-01
 150   3.7343359E-01   6.6798902E-01   5.6843007E-01   4.5865327E-01
 151   3.7593985E-01   6.6162252E-01   5.6085992E-01   4.6909600E-01
 152   3.7844610E-01   6.5530467E-01   5.5337632E-01   4.7953874E-01
 153   3.8095239E-01   6.4903492E-01   5.4597819E-01   4.8998162E-01
 154   3.8345864E-01   6.4281350E-01   5.3866529E-01   5.0042433E-01
 155   3.8596490E-01   6.3663989E-01   5.3143650E-01   5.1086706E-01
 156   3.8847119E-01   6.3051355E-01   5.2429080E-01   5.2130991E-01
 157   3.9097744E-01   6.2443471E-01   5.1722783E-01   5.3175265E-01
 158   3.9348370E-01   6.1840284E-01   5.1024657E-01   5.4219538E-01
 159   3.9598998E-01   6.1241770E-01   5.0334620E-01   5.5263823E-01
 160   3.9849624E-01   6.0647875E-01   4.9652579E-01   5.6308097E-01
 161   4.0100250E-01   6.0058618E-01   4.8978496E-01   5.7352370E-01
 162   4.0350878E-01   5.9473950E-01   4.8312274E-01   5.8396655E-01
 163   4.0601504E-01   5.8893824E-01   4.7653809E-01   5.9440929E-01
 164   4.0852129E-01   5.8318251E-01   4.7003078E-01   6.0485202E-01
 165   4.1102758E-01   5.7747191E-01   4.6359974E-01   6.1529487E-01
 166   4.1353384E-01   5.7180607E-01   4.5724431E-01   6.2573761E-01
 167   4.1604009E-01   5.6618470E-01   4.5096347E-01   6.3618034E-01
 168   4.1854635E-01   5.6060773E-01   4.4475693E-01   6.4662308E-01
 169   4.2105263E-01   5.5507463E-01   4.3862355E-01   6.5706593E-01
 170   4.2355889E-01   5.4958552E-01   4.3256304E-01   6.6750866E-01
 171   4.2606515E-01   5.4413992E-01   4.2657441E-01   6.7795140E-01
 172   4.2857143E-01   5.3873754E-01   4.2065701E-01   6.8839431E-01
 173   4.3107769E-01   5.3337795E-01   4.1480991E-01   6.9883704E-01
 174   4.3358395E-01   5.2806133E-01   4.0903279E-01   7.0927978E-01
 175   4.3609023E-01   5.2278721E-01   4.0332478E-01   7.1972257E-01
 176   4.3859649E-01   5.1755506E-01   3.9768502E-01   7.3016530E-01
 177   4.4110274E-01   5.1236510E-01   3.9211315E-01   7.4060804E-01
 178   4.4360903E-01   5.0721687E-01   3.8660833E-01   7.5105089E-01
 179   4.4611529E-01   5.0211012E-01   3.8116989E-01   7.6149362E-01
 180   4.4862154E-01   4.9704441E-01   3.7579697E-01   7.7193636E-01
 181   4.5112783E-01   4.9201965E-01   3.7048912E-01   7.8237927E-01
 182   4.5363408E-01   4.8703578E-01   3.6524582E-01   7.9282200E-01
 183   4.5614034E-01   4.8209238E-01   3.6006624E-01   8.0326474E-01
 184   4.5864663E-01   4.7718921E-01   3.5494974E-01   8.1370759E-01
 185   4.6115288E-01   4.7232586E-01   3.4989554E-01   8.2415032E-01
 186   4.6365914E-01   4.6750239E-01   3.4490332E-01   8.3459306E-01
 187   4.6616542E-01   4.6271840E-01   3.3997229E-01   8.4503591E-01
 188   4.6867168E-01   4.5797351E-01   3.3510160E-01   8.5547864E-01
 189   4.7117794E-01   4.5326778E-01   3.3029106E-01   8.6592138E-01
 190   4.7368422E-01   4.4860080E-01   3.2553980E-01   8.7636417E-01
 191   4.7619048E-01   4.4397235E-01   3.2084724E-01   8.8680691E-01
 192   4.7869673E-01   4.3938220E-01   3.1621280E-01   8.9724964E-01
 193   4.8120302E-01   4.3482992E-01   3.1163570E-01   9.0769249E-01
 194   4.8370928E-01   4.3031561E-01   3.0711564E-01   9.1813523E-01
 195   4.8621553E-01   4.2631939E-01   3.0313015E-01   9.2745250E-01
 196   4.8872179E-01   4.2631939E-01   3.0313015E-01   9.2745250E-01
 197   4.9122807E-01   4.2631939E-01   3.0313015E-01   9.2745250E-01
 198   4.9373433E-01   4.2631939E-01   3.0313015E-01   9.2745250E-01
 199   4.9624059E-01   4.2631939E-01   3.0313015E-01   9.2745250E-01
 200   4.9874687E-01   4.2631939E-01   3.0313015E-01   9.2745250E-01
 201   5.0125313E-01   4.2631939E-01   3.0313015E-01   9.2745250E-01
 202   5.0375938E-01   4.2631939E-01   3.0313015E-01   9.2745250E-01
 203   5.0626564E-01   4.2631939E-01   3.0313015E-01   9.2745250E-01
 204   5.0877196E-01   4.2631939E-01   3.0313015E-01   9.2745250E-01
 205   5.1127821E-01   4.2631939E-01   3.0313015E-01   9.2745250E-01
 206   5.1378447E-01   4.2631939E-01   3.0313015E-01   9.2745250E-01
 207   5.1629072E-01   4.2631939E-01   3.0313015E-01   9.2745250E-01
 208   5.1879698E-01   4.2631939E-01   3.0313015E-01   9.2745250E-01
 209   5.2130324E-01   4.2631939E-01   3.0313015E-01   9.2745250E-01
 210   5.2380949E-01   4.2631939E-01   3.0313015E-01   9.2745250E-01
 211   5.2631581E-01   4.2631939E-01   3.0313015E-01   9.2745250E-01
 212   5.2882206E-01   4.2631939E-01   3.0313015E-01   9.2745250E-01
 213   5.3132832E-01   4.2631939E-01   3.0313015E-01   9.2745250E-01
 214   5.3383458E-01   4.2631939E-01   3.0313015E-01   9.2745250E-01
 215   5.3634083E-01   4.2631939E-01   3.0313015E-01   9.2745250E-01
 216   5.3884709E-01   4.2631939E-01   3.0313015E-01   9.2745250E-01
 217   5.4135340E-01   4.2631939E-01   3.0313015E-01   9.2745250E-01
 218   5.4385966E-01   4.2631939E-01   3.0313015E-01   9.2745250E-01
 219   5.4636592E-01   4.2631939E-01   3.0313015E-01   9.2745250E-01
 220   5.4887217E-01   4.2631939E-01   3.0313015E-01   9.2745250E-01
 221   5.5137843E-01   4.2631939E-01   3.0313015E-01   9.2745250E-01
 222   5.5388469E-01   4.2631939E-01   3.0313015E-01   9.2745250E-01
 223   5.5639100E-01   4.2631939E-01   3.0313015E-01   9.2745250E-01
 224   5.5889726E-01   4.2631939E-01   3.0313015E-01   9.2745250E-01
 225   5.6140351E-01   4.2631939E-01   3.0313015E-01   9.2745250E-01
 226   5.6390977E-01   4.2631939E-01   3.0313015E-01   9.2745250E-01
 227   5.6641603E-01   4.2631939E-01   3.0313015E-01   9.2745250E-01
 228   5.6892228E-01   4.2631939E-01   3.0313015E-01   9.2745250E-01
 229   5.7142860E-01   4.2631939E-01   3.0313015E-01   9.2745250E-01
 230   5.7393485E-01   4.2631939E-01   3.0313015E-01   9.2745250E-01
 231   5.7644111E-01   4.2631939E-01   3.0313015E-01   9.2745250E-01
 232   5.7894737E-01   4.2631939E-01   3.0313015E-01   9.2745250E-01
 233   5.8145362E-01   4.2631939E-01   3.0313015E-01   9.2745250E-01
 234   5.8395988E-01   4.2631939E-01   3.0313015E-01   9.2745250E-01
 235   5.8646613E-01   4.2631939E-01   3.0313015E-01   9.2745250E-01
 236   5.8897245E-01   4.2631939E-01   3.0313015E-01   9.2745250E-01
 237   5.9147871E-01   4.2631939E-01   3.0313015E-01   9.2745250E-01
 238   5.9398496E-01   4.2631939E-01   3.0313015E-01   9.2745250E-01
 239   5.9649122E-01   4.2631939E-01   3.0313015E-01   9.2745250E-01
 240   5.9899747E-01   4.2631939E-01   3.0313015E-01   9.2745250E-01
 241   6.0150373E-01   4.2631939E-01   3.0313015E-01   9.2745250E-01
 242   6.0401005E-01   4.2631939E-01   3.0313015E-01   9.2745250E-01
 243   6.0651630E-01   4.2631939E-01   3.0313015E-01   9.2745250E-01
 244   6.0902256E-01   4.2631939E-01   3.0313015E-01   9.2745250E-01
 245   6.1152881E-01   4.2631939E-01   3.0313015E-01   9.2745250E-01
 246   6.1403507E-01   4.2631939E-01   3.0313015E-01   9.2745250E-01
 247   6.1654133E-01   4.2631939E-01   3.0313015E-01   9.2745250E-01
 248   6.1904764E-01   4.2631939E-01   3.0313015E-01   9.2745250E-01
 249   6.2155390E-01   4.2631939E-01   3.0313015E-01   9.2745250E-01
 250   6.2406015E-01   4.2631939E-01   3.0313015E-01   9.2745250E-01
 251   6.2656641E-01   4.2631939E-01   3.0313015E-01   9.2745250E-01
 252   6.2907267E-01   4.2631939E-01   3.0313015E-01   9.2745250E-01
 253   6.3157892E-01   4.2631939E-01   3.0313015E-01   9.2745250E-01
 254   6.3408524E-01   4.2631939E-01   3.0313015E-01   9.2745250E-01
 255   6.3659149E-01   4.2631939E-01   3.0313015E-01   9.2745250E-01
 256   6.3909775E-01   4.2631939E-01   3.0313015E-01   9.2745250E-01
 257   6.4160401E-01   4.2631939E-01   3.0313015E-01   9.2745250E-01
 258   6.4411026E-01   4.2631939E-01   3.0313015E-01   9.2745250E-01
 259   6.4661652E-01   4.2631939E-01   3.0313015E-01   9.2745250E-01
 260   6.4912277E-01   4.2631939E-01   3.0313015E-01   9.2745250E-01
 261   6.5162909E-01   4.2631939E-01   3.0313015E-01   9.2745250E-01
 262   6.5413535E-01   4.2631939E-01   3.0313015E-01   9.2745250E-01
 263   6.5664160E-01   4.2631939E-01   3.0313015E-01   9.2745250E-01
 264   6.5914786E-01   4.2631939E-01   3.0313015E-01   9.2745250E-01
 265   6.6165411E-01   4.2631939E-01   3.0313015E-01   9.2745250E-01
 266   6.6416037E-01   4.2631939E-01   3.0313015E-01   9.2745250E-01
 267   6.6666669E-01   4.2631939E-01   3.0313015E-01   9.2745250E-01
 268   6.6917294E-01   4.2631939E-01   3.0313015E-01   9.2745250E-01
 269   6.7167920E-01   4.2631939E-01   3.0313015E-01   9.2745250E-01
 270   6.7418545E-01   4.2631939E-01   3.0313015E-01   9.2745250E-01
 271   6.7669171E-01   4.2631939E-01   3.0313015E-01   9.2745250E-01
 272   6.7919797E-01   4.2631939E-01   3.0313015E-01   9.2745250E-01
 273   6.8170428E-01   4.2631939E-01   3.0313015E-01   9.2745250E-01
 274   6.8421054E-01   4.2631939E-01   3.0313015E-01   9.2745250E-01
 275   6.8671679E-01   2.6557371E-01   3.0313015E-01   9.2745250E-01
 276   6.8922305E-01   2.6557371E-01   3.0313015E-01   9.2745250E-01
 277   6.9172931E-01   2.6557371E-01   3.0313015E-01   9.2745250E-01
 278   6.9423556E-01   2.6557371E-01   3.0313015E-01   9.2745250E-01
 279   6.9674188E-01   2.6557371E-01   3.0313015E-01   9.2745250E-01
 280   6.9924814E-01   2.6557371E-01   3.0313015E-01   9.2745250E-01
 281   7.0175439E-01   2.6557371E-01   3.0313015E-01   9.2745250E-01
 282   7.0426065E-01   2.6557371E-01   3.0313015E-01   9.2745250E-01
 283   7.0676690E-01   2.6557371E-01   3.0313015E-01   9.2745250E-01
 284   7.0927316E-01   2.6557371E-01   3.0313015E-01   9.2745250E-01
 285   7.1177942E-01   2.6557371E-01   3.0313015E-01   9.2745250E-01
 286   7.1428573E-01   2.6557371E-01   3.0313015E-01   9.2745250E-01
 287   7.1679199E-01   2.6557371E-01   3.0313015E-01   9.2745250E-01
 288   7.1929824E-01   2.6557371E-01   3.0313015E-01   9.2745250E-01
 289   7.2180450E-01   2.6557371E-01   3.0313015E-01   9.2745250E-01
 290   7.2431076E-01   2.6557371E-01   3.0313015E-01   9.2745250E-01
 291   7.2681701E-01   2.6557371E-01   3.0313015E-01   9.2745250E-01
 292   7.2932333E-01   2.6557371E-01   3.0313015E-01   9.2745250E-01
 293   7.3182958E-01   2.6557371E-01   3.0313015E-01   9.2745250E-01
 294   7.3433584E-01   2.6557371E-01   3.0313015E-01   9.2745250E-01
 295   7.3684210E-01   2.6557371E-01   3.0313015E-01   9.2745250E-01
 296   7.3934835E-01   2.6557371E-01   3.0313015E-01   9.2745250E-01
 297   7.4185461E-01   2.6557371E-01   3.0313015E-01   9.2745250E-01
 298   7.4436092E-01   2.6557371E-01   3.0313015E-01   9.2745250E-01
 299   7.4686718E-01   2.6557371E-01   3.0313015E-01   9.2745250E-01
 300   7.4937344E-01   2.6557371E-01   3.0313015E-01   9.2745250E-01
 301   7.5187969E-01   2.6557371E-01   3.0313015E-01   9.2745250E-01
 302   7.5438595E-01   2.6557371E-01   3.0313015E-01   9.2745250E-01
 303   7.5689220E-01   2.6557371E-01   3.0313015E-01   9.2745250E-01
 304   7.5939852E-01   2.6557371E-01   3.0313015E-01   9.2745250E-01
 305   7.6190478E-01   2.6557371E-01   3.0313015E-01   9.2745250E-01
 306   7.6441103E-01   2.6557371E-01   3.0313015E-01   9.2745250E-01
 307   7.6691729E-01   2.6557371E-01   3.0313015E-01   9.2745250E-01
 308   7.6942354E-01   2.6557371E-01   3.0313015E-01   9.2745250E-01
 309   7.7192980E-01   2.6557371E-01   3.0313015E-01   9.2745250E-01
 310   7.7443606E-01   2.6557371E-01   3.0313015E-01   9.2745250E-01
 311   7.7694237E-01   2.6557371E-01   3.0313015E-01   9.2745250E-01
 312   7.7944863E-01   2.6557371E-01   3.0313015E-01   9.2745250E-01
 313   7.8195488E-01   2.6557371E-01   3.0313015E-01   9.2745250E-01
 314   7.8446114E-01   2.6557371E-01   3.0313015E-01   9.2745250E-01
 315   7.8696740E-01   2.6557371E-01   3.0313015E-01   9.2745250E-01
 316   7.8947365E-01   2.6557371E-01   3.0313015E-01   9.2745250E-01
 317   7.9197997E-01   2.6557371E-01   3.0313015E-01   9.2745250E-01
 318   7.9448622E-01   2.6557371E-01   3.0313015E-01   9.2745250E-01
 319   7.9699248E-01   2.6557371E-01   3.0313015E-01   9.2745250E-01
 320   7.9949874E-01   2.6557371E-01   3.0313015E-01   9.2745250E-01
 321   8.0200499E-01   2.6557371E-01   3.0313015E-01   9.2745250E-01
 322   8.0451125E-01   2.6557371E-01   3.0313015E-01   9.2745250E-01
 323   8.0701756E-01   2.6557371E-01   3.0313015E-01   9.2745250E-01
 324   8.0952382E-01   2.6557371E-01   3.0313015E-01   9.2745250E-01
 325   8.1203008E-01   2.6557371E-01   3.0313015E-01   9.2745250E-01
 326   8.1453633E-01   2.6557371E-01   3.0313015E-01   9.2745250E-01
 327   8.1704259E-01   2.6557371E-01   3.0313015E-01   9.2745250E-01
 328   8.1954885E-01   2.6557371E-01   3.0313015E-01   9.2745250E-01
 329   8.2205516E-01   2.6557371E-01   3.0313015E-01   9.2745250E-01
 330   8.2456142E-01   2.6557371E-01   3.0313015E-01   9.2745250E-01
 331   8.2706767E-01   2.6557371E-01   3.0313015E-01   9.2745250E-01
 332   8.2957393E-01   2.6557371E-01   3.0313015E-01   9.2745250E-01
 333   8.3208019E-01   2.6557371E-01   3.0313015E-01   9.2745250E-01
 334   8.3458644E-01   2.6557371E-01   3.0313015E-01   9.2745250E-01
 335   8.3709270E-01   2.6557371E-01   3.0313015E-01   9.2745250E-01
 336   8.3959901E-01   2.6557371E-01   3.0313015E-01   9.2745250E-01
 337   8.4210527E-01   2.6557371E-01   3.0313015E-01   9.2745250E-01
 338   8.4461153E-01   2.6557371E-01   3.0313015E-01   9.2745250E-01
 339   8.4711778E-01   2.6557371E-01   3.0313015E-01   9.2745250E-01
 340   8.4962404E-01   2.6557371E-01   3.0313015E-01   9.2745250E-01
 341   8.5213029E-01   1.2500000E-01   1.0000000E-01   0.0000000E+00
 342   8.5463661E-01   1.2500000E-01   1.0000000E-01   0.0000000E+00
 343   8.5714287E-01   1.2500000E-01   1.0000000E-01   0.0000000E+00
 344   8.5964912E-01   1.2500000E-01   1.0000000E-01   0.0000000E+00
 345   8.6215538E-01   1.2500000E-01   1.0000000E-01   0.0000000E+00
 346   8.6466163E-01   1.2500000E-01   1.0000000E-01   0.0000000E+00
 347   8.6716789E-01   1.2500000E-01   1.0000000E-01   0.0000000E+00
 348   8.6967421E-01   1.2500000E-01   1.0000000E-01   0.0000000E+00
 349   8.7218046E-01   1.2500000E-01   1.0000000E-01   0.0000000E+00
 350   8.7468672E-01   1.2500000E-01   1.0000000E-01   0.0000000E+00
 351   8.7719297E-01   1.2500000E-01   1.0000000E-01   0.0000000E+00
 352   8.7969923E-01   1.2500000E-01   1.0000000E-01   0.0000000E+00
 353   8.8220549E-01   1.2500000E-01   1.0000000E-01   0.0000000E+00
 354   8.8471180E-01   1.2500000E-01   1.0000000E-01   0.0000000E+00
 355   8.8721806E-01   1.2500000E-01   1.0000000E-01   0.0000000E+00
 356   8.8972431E-01   1.2500000E-01   1.0000000E-01   0.0000000E+00
 357   8.9223057E-01   1.2500000E-01   1.0000000E-01   0.0000000E+00
 358   8.9473683E-01   1.2500000E-01   1.0000000E-01   0.0000000E+00
 359   8.9724308E-01   1.2500000E-01   1.0000000E-01   0.0000000E+00
 360   8.9974934E-01   1.2500000E-01   1.0000000E-01   0.0000000E+00
 361   9.0225565E-01   1.2500000E-01   1.0000000E-01   0.0000000E+00
 362   9.0476191E-01   1.2500000E-01   1.0000000E-01   0.0000000E+00
 363   9.0726817E-01   1.2500000E-01   1.0000000E-01   0.0000000E+00
 364   9.0977442E-01   1.2500000E-01   1.0000000E-01   0.0000000E+00
 365   9.1228068E-01   1.2500000E-01   1.0000000E-01   0.0000000E+00
 366   9.1478693E-01   1.2500000E-01   1.0000000E-01   0.0000000E+00
 367   9.1729325E-01   1.2500000E-01   1.0000000E-01   0.0000000E+00
 368   9.1979951E-01   1.2500000E-01   1.0000000E-01   0.0000000E+00
 369   9.2230576E-01   1.2500000E-01   1.0000000E-01   0.0000000E+00
 370   9.2481202E-01   1.2500000E-01   1.0000000E-01   0.0000000E+00
 371   9.2731827E-01   1.2500000E-01   1.0000000E-01   0.0000000E+00
 372   9.2982453E-01   1.2500000E-01   1.0000000E-01   0.0000000E+00
 373   9.3233085E-01   1.2500000E-01   1.0000000E-01   0.0000000E+00
 374   9.3483710E-01   1.2500000E-01   1.0000000E-01   0.0000000E+00
 375   9.3734336E-01   1.2500000E-01   1.0000000E-01   0.0000000E+00
 376   9.3984962E-01   1.2500000E-01   1.0000000E-01   0.0000000E+00
 377   9.4235587E-01   1.2500000E-01   1.0000000E-01   0.0000000E+00
 378   9.4486213E-01   1.2500000E-01   1.0000000E-01   0.0000000E+00
 379   9.4736844E-01   1.2500000E-01   1.0000000E-01   0.0000000E+00
 380   9.4987470E-01   1.2500000E-01   1.0000000E-01   0.0000000E+00
 381   9.5238096E-01   1.2500000E-01   1.0000000E-01   0.0000000E+00
 382   9.5488721E-01   1.2500000E-01   1.0000000E-01   0.0000000E+00
 383   9.5739347E-01   1.2500000E-01   1.0000000E-01   0.0000000E+00
 384   9.5989972E-01   1.2500000E-01   1.0000000E-01   0.0000000E+00
 385   9.6240604E-01   1.2500000E-01   1.0000000E-01   0.0000000E+00
 386   9.6491230E-01   1.2500000E-01   1.0000000E-01   0.0000000E+00
 387   9.6741855E-01   1.2500000E-01   1.0000000E-01   0.0000000E+00
 388   9.6992481E-01   1.2500000E-01   1.0000000E-01   0.0000000E+00
 389   9.7243106E-01   1.2500000E-01   1.0000000E-01   0.0000000E+00
 390   9.7493732E-01   1.2500000E-01   1.0000000E-01   0.0000000E+00
 391   9.7744358E-01   1.2500000E-01   1.0000000E-01   0.0000000E+00
 392   9.7994989E-01   1.2500000E-01   1.0000000E-01   0.0000000E+00
 393   9.8245615E-01   1.2500000E-01   1.0000000E-01   0.0000000E+00
 394   9.8496240E-01   1.2500000E-01   1.0000000E-01   0.0000000E+00
 395   9.8746866E-01   1.2500000E-01   1.0000000E-01   0.0000000E+00
 396   9.8997492E-01   1.2500000E-01   1.0000000E-01   0.0000000E+00
 397   9.9248117E-01   1.2500000E-01   1.0000000E-01   0.0000000E+00
 398   9.9498749E-01   1.2500000E-01   1.0000000E-01   0.0000000E+00
 399   9.9749374E-01   1.2500000E-01   1.0000000E-01   0.0000000E+00
 400   1.0000000E+00   1.2500000E-01   1.0000000E-01   0.0000000E+00
